3.160000000000000000e+02
2.140000000000000000e+02
2.060000000000000000e+02
3.580000000000000000e+02
2.060000000000000000e+02
2.080000000000000000e+02
3.820000000000000000e+02
3.820000000000000000e+02
2.180000000000000000e+02
3.740000000000000000e+02
3.160000000000000000e+02
3.800000000000000000e+02
2.140000000000000000e+02
2.800000000000000000e+02
2.240000000000000000e+02
2.240000000000000000e+02
3.800000000000000000e+02
2.960000000000000000e+02
2.960000000000000000e+02
2.260000000000000000e+02
2.060000000000000000e+02
3.080000000000000000e+02
3.040000000000000000e+02
4.120000000000000000e+02
4.120000000000000000e+02
3.280000000000000000e+02
2.720000000000000000e+02
2.740000000000000000e+02
2.740000000000000000e+02
2.980000000000000000e+02
2.800000000000000000e+02
2.800000000000000000e+02
2.800000000000000000e+02
4.040000000000000000e+02
2.060000000000000000e+02
2.020000000000000000e+02
1.660000000000000000e+02
2.060000000000000000e+02
2.060000000000000000e+02
1.540000000000000000e+02
2.060000000000000000e+02
1.600000000000000000e+02
1.580000000000000000e+02
1.540000000000000000e+02
1.600000000000000000e+02
2.900000000000000000e+02
2.200000000000000000e+02
2.300000000000000000e+02
2.740000000000000000e+02
2.660000000000000000e+02
2.560000000000000000e+02
2.140000000000000000e+02
2.740000000000000000e+02
2.740000000000000000e+02
2.600000000000000000e+02
2.720000000000000000e+02
2.600000000000000000e+02
2.600000000000000000e+02
2.560000000000000000e+02
2.740000000000000000e+02
2.500000000000000000e+02
2.740000000000000000e+02
2.620000000000000000e+02
2.620000000000000000e+02
2.620000000000000000e+02
2.720000000000000000e+02
2.660000000000000000e+02
2.660000000000000000e+02
2.660000000000000000e+02
2.660000000000000000e+02
2.660000000000000000e+02
2.660000000000000000e+02
2.800000000000000000e+02
2.740000000000000000e+02
2.660000000000000000e+02
3.140000000000000000e+02
2.680000000000000000e+02
2.680000000000000000e+02
3.220000000000000000e+02
2.780000000000000000e+02
3.220000000000000000e+02
3.260000000000000000e+02
4.300000000000000000e+02
3.140000000000000000e+02
4.340000000000000000e+02
3.500000000000000000e+02
2.720000000000000000e+02
2.680000000000000000e+02
2.960000000000000000e+02
2.620000000000000000e+02
2.740000000000000000e+02
3.520000000000000000e+02
2.960000000000000000e+02
2.960000000000000000e+02
2.960000000000000000e+02
2.900000000000000000e+02
2.900000000000000000e+02
2.960000000000000000e+02
3.080000000000000000e+02
3.080000000000000000e+02
2.960000000000000000e+02
2.920000000000000000e+02
2.920000000000000000e+02
2.960000000000000000e+02
2.900000000000000000e+02
1.520000000000000000e+02
2.920000000000000000e+02
2.920000000000000000e+02
2.900000000000000000e+02
2.960000000000000000e+02
2.920000000000000000e+02
2.960000000000000000e+02
