2.440000000000000000e+02
2.120000000000000000e+02
2.240000000000000000e+02
9.200000000000000000e+01
2.240000000000000000e+02
2.200000000000000000e+02
2.260000000000000000e+02
2.420000000000000000e+02
2.200000000000000000e+02
2.300000000000000000e+02
2.440000000000000000e+02
2.500000000000000000e+02
2.360000000000000000e+02
2.440000000000000000e+02
1.960000000000000000e+02
2.140000000000000000e+02
1.820000000000000000e+02
2.320000000000000000e+02
2.320000000000000000e+02
2.260000000000000000e+02
2.440000000000000000e+02
3.140000000000000000e+02
2.420000000000000000e+02
3.400000000000000000e+02
3.400000000000000000e+02
4.100000000000000000e+02
3.680000000000000000e+02
3.860000000000000000e+02
3.860000000000000000e+02
4.300000000000000000e+02
4.520000000000000000e+02
4.520000000000000000e+02
4.520000000000000000e+02
5.840000000000000000e+02
5.440000000000000000e+02
5.440000000000000000e+02
5.440000000000000000e+02
5.440000000000000000e+02
5.440000000000000000e+02
5.360000000000000000e+02
5.440000000000000000e+02
5.500000000000000000e+02
5.540000000000000000e+02
5.360000000000000000e+02
5.500000000000000000e+02
5.840000000000000000e+02
5.320000000000000000e+02
5.200000000000000000e+02
5.660000000000000000e+02
5.200000000000000000e+02
5.260000000000000000e+02
5.560000000000000000e+02
5.440000000000000000e+02
5.440000000000000000e+02
5.300000000000000000e+02
5.440000000000000000e+02
5.300000000000000000e+02
5.300000000000000000e+02
5.620000000000000000e+02
5.440000000000000000e+02
5.200000000000000000e+02
5.440000000000000000e+02
5.560000000000000000e+02
5.560000000000000000e+02
5.560000000000000000e+02
5.420000000000000000e+02
5.560000000000000000e+02
5.540000000000000000e+02
5.540000000000000000e+02
5.540000000000000000e+02
5.540000000000000000e+02
5.540000000000000000e+02
5.440000000000000000e+02
5.440000000000000000e+02
5.360000000000000000e+02
5.440000000000000000e+02
5.320000000000000000e+02
5.500000000000000000e+02
5.540000000000000000e+02
5.420000000000000000e+02
5.540000000000000000e+02
4.300000000000000000e+02
5.420000000000000000e+02
5.440000000000000000e+02
5.240000000000000000e+02
5.800000000000000000e+02
4.000000000000000000e+02
3.880000000000000000e+02
4.360000000000000000e+02
4.180000000000000000e+02
4.000000000000000000e+02
3.680000000000000000e+02
3.400000000000000000e+02
3.400000000000000000e+02
3.140000000000000000e+02
3.140000000000000000e+02
3.140000000000000000e+02
2.540000000000000000e+02
1.280000000000000000e+02
1.280000000000000000e+02
2.300000000000000000e+02
2.240000000000000000e+02
2.240000000000000000e+02
2.140000000000000000e+02
2.020000000000000000e+02
2.500000000000000000e+02
1.840000000000000000e+02
1.840000000000000000e+02
1.880000000000000000e+02
1.540000000000000000e+02
1.840000000000000000e+02
1.600000000000000000e+02
