2.260000000000000000e+02
2.320000000000000000e+02
2.550000000000000000e+02
2.780000000000000000e+02
2.380000000000000000e+02
2.260000000000000000e+02
2.430000000000000000e+02
2.600000000000000000e+02
2.060000000000000000e+02
2.060000000000000000e+02
2.140000000000000000e+02
2.260000000000000000e+02
2.173333333333333428e+02
2.086666666666666572e+02
2.000000000000000000e+02
2.620000000000000000e+02
2.060000000000000000e+02
2.380000000000000000e+02
2.620000000000000000e+02
2.600000000000000000e+02
2.580000000000000000e+02
2.560000000000000000e+02
2.120000000000000000e+02
2.230000000000000000e+02
2.340000000000000000e+02
2.450000000000000000e+02
2.560000000000000000e+02
2.840000000000000000e+02
2.810000000000000000e+02
2.780000000000000000e+02
2.560000000000000000e+02
2.553333333333333428e+02
2.546666666666666572e+02
2.540000000000000000e+02
2.580000000000000000e+02
2.620000000000000000e+02
2.020000000000000000e+02
3.380000000000000000e+02
2.720000000000000000e+02
2.560000000000000000e+02
2.400000000000000000e+02
2.240000000000000000e+02
2.375000000000000000e+02
2.510000000000000000e+02
2.645000000000000000e+02
2.780000000000000000e+02
2.670000000000000000e+02
2.560000000000000000e+02
2.180000000000000000e+02
2.187241379310344769e+02
2.194482758620689538e+02
2.201724137931034591e+02
2.208965517241379359e+02
2.216206896551724128e+02
2.223448275862068897e+02
2.230689655172413666e+02
2.237931034482758719e+02
2.245172413793103487e+02
2.252413793103448256e+02
2.259655172413793025e+02
2.266896551724137794e+02
2.274137931034482847e+02
2.281379310344827616e+02
2.288620689655172384e+02
2.295862068965517153e+02
2.303103448275862206e+02
2.310344827586206975e+02
2.317586206896551744e+02
2.324827586206896513e+02
2.332068965517241281e+02
2.339310344827586334e+02
2.346551724137931103e+02
2.353793103448275872e+02
2.361034482758620641e+02
2.368275862068965409e+02
2.375517241379310462e+02
2.382758620689655231e+02
2.390000000000000000e+02
2.397241379310344769e+02
2.404482758620689538e+02
2.411724137931034591e+02
2.418965517241379359e+02
2.426206896551724128e+02
2.433448275862068897e+02
2.440689655172413950e+02
2.447931034482758719e+02
2.455172413793103487e+02
2.462413793103448256e+02
2.469655172413793025e+02
2.476896551724137794e+02
2.484137931034482847e+02
2.491379310344827616e+02
2.498620689655172384e+02
2.505862068965517153e+02
2.513103448275862206e+02
2.520344827586206975e+02
2.527586206896551744e+02
2.534827586206896513e+02
2.542068965517241281e+02
2.549310344827586050e+02
2.556551724137931103e+02
2.563793103448275588e+02
2.571034482758620925e+02
2.578275862068965694e+02
2.585517241379310462e+02
2.592758620689655231e+02
2.600000000000000000e+02
2.586666666666666856e+02
2.573333333333333144e+02
2.560000000000000000e+02
2.560000000000000000e+02
2.593333333333333144e+02
2.626666666666666856e+02
2.660000000000000000e+02
2.500000000000000000e+02
2.470000000000000000e+02
2.440000000000000000e+02
2.480000000000000000e+02
2.300000000000000000e+02
2.240000000000000000e+02
2.200000000000000000e+02
2.180000000000000000e+02
2.120000000000000000e+02
2.080000000000000000e+02
2.080000000000000000e+02
2.020000000000000000e+02
2.000000000000000000e+02
1.960000000000000000e+02
1.960000000000000000e+02
1.960000000000000000e+02
1.940000000000000000e+02
1.940000000000000000e+02
1.940000000000000000e+02
1.880000000000000000e+02
1.940000000000000000e+02
1.900000000000000000e+02
1.880000000000000000e+02
1.960000000000000000e+02
1.900000000000000000e+02
1.960000000000000000e+02
1.940000000000000000e+02
1.960000000000000000e+02
1.900000000000000000e+02
1.960000000000000000e+02
1.940000000000000000e+02
1.840000000000000000e+02
1.880000000000000000e+02
1.940000000000000000e+02
1.880000000000000000e+02
2.000000000000000000e+02
1.880000000000000000e+02
1.880000000000000000e+02
1.880000000000000000e+02
1.840000000000000000e+02
1.840000000000000000e+02
1.840000000000000000e+02
1.840000000000000000e+02
1.880000000000000000e+02
1.840000000000000000e+02
1.880000000000000000e+02
1.900000000000000000e+02
1.900000000000000000e+02
1.900000000000000000e+02
1.880000000000000000e+02
1.880000000000000000e+02
1.940000000000000000e+02
1.900000000000000000e+02
1.960000000000000000e+02
1.940000000000000000e+02
1.900000000000000000e+02
1.840000000000000000e+02
1.900000000000000000e+02
1.900000000000000000e+02
1.760000000000000000e+02
1.880000000000000000e+02
2.000000000000000000e+02
2.000000000000000000e+02
2.000000000000000000e+02
2.000000000000000000e+02
2.000000000000000000e+02
2.000000000000000000e+02
2.000000000000000000e+02
1.980000000000000000e+02
1.960000000000000000e+02
1.940000000000000000e+02
1.940000000000000000e+02
1.900000000000000000e+02
1.960000000000000000e+02
1.960000000000000000e+02
1.900000000000000000e+02
2.000000000000000000e+02
2.060000000000000000e+02
1.960000000000000000e+02
1.960000000000000000e+02
2.000000000000000000e+02
1.960000000000000000e+02
2.000000000000000000e+02
2.000000000000000000e+02
1.900000000000000000e+02
1.960000000000000000e+02
1.960000000000000000e+02
1.900000000000000000e+02
1.960000000000000000e+02
1.940000000000000000e+02
1.940000000000000000e+02
1.940000000000000000e+02
1.900000000000000000e+02
1.940000000000000000e+02
2.000000000000000000e+02
1.960000000000000000e+02
1.900000000000000000e+02
1.900000000000000000e+02
1.900000000000000000e+02
1.900000000000000000e+02
1.900000000000000000e+02
1.900000000000000000e+02
1.840000000000000000e+02
1.840000000000000000e+02
1.900000000000000000e+02
1.820000000000000000e+02
1.820000000000000000e+02
1.840000000000000000e+02
1.780000000000000000e+02
1.780000000000000000e+02
1.720000000000000000e+02
1.720000000000000000e+02
1.700000000000000000e+02
1.700000000000000000e+02
1.820000000000000000e+02
1.760000000000000000e+02
1.820000000000000000e+02
1.780000000000000000e+02
1.760000000000000000e+02
1.780000000000000000e+02
1.760000000000000000e+02
1.720000000000000000e+02
1.720000000000000000e+02
1.720000000000000000e+02
1.600000000000000000e+02
1.700000000000000000e+02
1.700000000000000000e+02
1.660000000000000000e+02
1.640000000000000000e+02
1.760000000000000000e+02
1.600000000000000000e+02
1.640000000000000000e+02
1.660000000000000000e+02
1.660000000000000000e+02
1.720000000000000000e+02
1.640000000000000000e+02
1.700000000000000000e+02
1.660000000000000000e+02
1.640000000000000000e+02
1.640000000000000000e+02
1.640000000000000000e+02
1.640000000000000000e+02
1.640000000000000000e+02
1.640000000000000000e+02
1.640000000000000000e+02
1.540000000000000000e+02
1.720000000000000000e+02
1.580000000000000000e+02
1.660000000000000000e+02
1.660000000000000000e+02
1.520000000000000000e+02
1.520000000000000000e+02
1.640000000000000000e+02
1.540000000000000000e+02
1.580000000000000000e+02
1.640000000000000000e+02
1.420000000000000000e+02
1.400000000000000000e+02
1.460000000000000000e+02
1.360000000000000000e+02
1.340000000000000000e+02
1.340000000000000000e+02
1.520000000000000000e+02
1.520000000000000000e+02
1.580000000000000000e+02
1.480000000000000000e+02
1.360000000000000000e+02
1.340000000000000000e+02
1.360000000000000000e+02
1.520000000000000000e+02
1.460000000000000000e+02
1.340000000000000000e+02
1.600000000000000000e+02
1.340000000000000000e+02
1.640000000000000000e+02
1.420000000000000000e+02
1.400000000000000000e+02
1.420000000000000000e+02
1.540000000000000000e+02
1.580000000000000000e+02
1.520000000000000000e+02
1.420000000000000000e+02
1.540000000000000000e+02
1.540000000000000000e+02
1.660000000000000000e+02
1.540000000000000000e+02
1.700000000000000000e+02
1.420000000000000000e+02
1.580000000000000000e+02
1.520000000000000000e+02
1.420000000000000000e+02
1.420000000000000000e+02
1.720000000000000000e+02
1.580000000000000000e+02
1.720000000000000000e+02
1.460000000000000000e+02
1.580000000000000000e+02
1.780000000000000000e+02
1.780000000000000000e+02
1.460000000000000000e+02
1.540000000000000000e+02
1.520000000000000000e+02
1.600000000000000000e+02
1.400000000000000000e+02
1.540000000000000000e+02
1.600000000000000000e+02
1.540000000000000000e+02
1.760000000000000000e+02
1.720000000000000000e+02
1.460000000000000000e+02
1.580000000000000000e+02
1.580000000000000000e+02
1.580000000000000000e+02
1.660000000000000000e+02
1.720000000000000000e+02
1.700000000000000000e+02
1.580000000000000000e+02
1.540000000000000000e+02
1.520000000000000000e+02
1.580000000000000000e+02
1.460000000000000000e+02
1.520000000000000000e+02
1.340000000000000000e+02
1.460000000000000000e+02
1.580000000000000000e+02
1.580000000000000000e+02
1.340000000000000000e+02
1.360000000000000000e+02
1.400000000000000000e+02
1.580000000000000000e+02
1.340000000000000000e+02
1.600000000000000000e+02
1.580000000000000000e+02
1.640000000000000000e+02
1.700000000000000000e+02
1.600000000000000000e+02
1.640000000000000000e+02
1.400000000000000000e+02
1.400000000000000000e+02
1.520000000000000000e+02
1.400000000000000000e+02
1.540000000000000000e+02
1.460000000000000000e+02
1.640000000000000000e+02
1.580000000000000000e+02
1.460000000000000000e+02
1.340000000000000000e+02
1.400000000000000000e+02
1.340000000000000000e+02
1.480000000000000000e+02
1.540000000000000000e+02
1.540000000000000000e+02
1.580000000000000000e+02
1.540000000000000000e+02
1.660000000000000000e+02
1.840000000000000000e+02
1.660000000000000000e+02
1.720000000000000000e+02
1.660000000000000000e+02
1.640000000000000000e+02
1.640000000000000000e+02
1.720000000000000000e+02
1.820000000000000000e+02
1.820000000000000000e+02
2.180000000000000000e+02
2.060000000000000000e+02
2.370000000000000000e+02
2.680000000000000000e+02
2.433333333333333428e+02
2.186666666666666572e+02
1.940000000000000000e+02
1.940000000000000000e+02
1.850000000000000000e+02
1.760000000000000000e+02
1.670000000000000000e+02
1.580000000000000000e+02
1.490000000000000000e+02
1.400000000000000000e+02
1.360000000000000000e+02
1.600000000000000000e+02
1.400000000000000000e+02
1.340000000000000000e+02
1.340000000000000000e+02
1.420000000000000000e+02
1.300000000000000000e+02
1.400000000000000000e+02
1.460000000000000000e+02
1.600000000000000000e+02
1.540000000000000000e+02
1.600000000000000000e+02
1.540000000000000000e+02
1.540000000000000000e+02
1.540000000000000000e+02
1.520000000000000000e+02
1.660000000000000000e+02
1.460000000000000000e+02
1.460000000000000000e+02
1.540000000000000000e+02
1.520000000000000000e+02
1.460000000000000000e+02
1.660000000000000000e+02
1.360000000000000000e+02
1.300000000000000000e+02
1.300000000000000000e+02
1.360000000000000000e+02
1.326666666666666572e+02
1.293333333333333428e+02
1.260000000000000000e+02
1.226666666666666714e+02
1.193333333333333286e+02
1.160000000000000000e+02
1.171428571428571388e+02
1.182857142857142918e+02
1.194285714285714306e+02
1.205714285714285694e+02
1.217142857142857082e+02
1.228571428571428612e+02
1.240000000000000000e+02
1.233846153846153868e+02
1.227692307692307736e+02
1.221538461538461604e+02
1.215384615384615330e+02
1.209230769230769198e+02
1.203076923076923066e+02
1.196923076923076934e+02
1.190769230769230802e+02
1.184615384615384670e+02
1.178461538461538396e+02
1.172307692307692264e+02
1.166153846153846132e+02
1.160000000000000000e+02
1.400000000000000000e+02
1.640000000000000000e+02
1.580000000000000000e+02
1.940000000000000000e+02
1.940000000000000000e+02
1.960000000000000000e+02
1.960000000000000000e+02
1.960000000000000000e+02
2.000000000000000000e+02
1.960000000000000000e+02
1.900000000000000000e+02
1.940000000000000000e+02
1.940000000000000000e+02
1.880000000000000000e+02
1.960000000000000000e+02
2.000000000000000000e+02
1.960000000000000000e+02
1.960000000000000000e+02
2.000000000000000000e+02
1.960000000000000000e+02
1.960000000000000000e+02
2.000000000000000000e+02
1.960000000000000000e+02
1.960000000000000000e+02
1.960000000000000000e+02
1.960000000000000000e+02
2.000000000000000000e+02
2.140000000000000000e+02
2.240000000000000000e+02
2.620000000000000000e+02
2.960000000000000000e+02
3.140000000000000000e+02
3.380000000000000000e+02
3.620000000000000000e+02
3.860000000000000000e+02
4.100000000000000000e+02
3.860000000000000000e+02
3.491999999999999886e+02
3.123999999999999773e+02
2.756000000000000227e+02
2.388000000000000114e+02
2.020000000000000000e+02
1.900000000000000000e+02
1.840000000000000000e+02
1.900000000000000000e+02
2.120000000000000000e+02
2.450000000000000000e+02
2.780000000000000000e+02
3.110000000000000000e+02
3.440000000000000000e+02
3.134285714285714448e+02
2.828571428571428328e+02
2.522857142857142776e+02
2.217142857142857224e+02
1.911428571428571388e+02
1.605714285714285552e+02
1.300000000000000000e+02
1.410000000000000000e+02
1.520000000000000000e+02
1.630000000000000000e+02
1.740000000000000000e+02
1.850000000000000000e+02
1.960000000000000000e+02
2.200000000000000000e+02
2.455000000000000000e+02
2.710000000000000000e+02
2.965000000000000000e+02
3.220000000000000000e+02
3.022857142857142776e+02
2.825714285714285552e+02
2.628571428571428328e+02
2.431428571428571388e+02
2.234285714285714164e+02
2.037142857142857224e+02
1.840000000000000000e+02
1.640000000000000000e+02
1.520000000000000000e+02
1.480000000000000000e+02
1.400000000000000000e+02
1.420000000000000000e+02
1.280000000000000000e+02
1.220000000000000000e+02
